$ANSIBLE_VAULT;1.1;AES256
39623435623339653666383435383264393961386633396636303664633335383765386465363466
3237333931613962636536633065633832633739363931320a336664343063383863636436623330
32643066333934383732613032343461623437383561353437396239303930636535313265626362
6230363932323232330a356437313035396536363637613132643863633538316337336137623433
31383133333034616436376565316131326663333939373431336637383966663539353065633063
65366336626566336538386165383037323062656333326334643664333266313664383931646637
61346662333131643434393738626530323062613335626631343231666264333635353534303964
32313131393263643263343062333330656434656666393731346663313738393934373536383138
64376563633530666337323063643165303834353037643465353065636531663266346661316465
30396264323939633038313339623961363838636234626430326330393861623539373534303437
61313430666237333231656635643861636262643564356638646531383134323762343034636566
63643265376237663233626237666133386464626434306366653831326234313734396331643339
66356261643039353632643163316561613236306161646137343866323438356363313536336561
37633261393935666633663766353034343663353233303630313530623234363736306239663065
36363035633262323437333338633030376333643037326237323839626235303764396331393465
35666261313864353131363735633061316331313765346562613431343530393636633861333539
65326334373634626264386461333362616235383734316265343238366263346234663365623934
31383333316332373639356633623065386364343336663435396239353264333537303232353463
62666433353236396361396366333836353133326134343931653133346566663135616264313433
36313434373130306634666336373936663438303530323932333535393162643462396266663534
66386163646637623362323939353139333530336564393634356361323565383934613566613835
33653135336134656264623061373165623630343736336639376564373966656637393234376661
35643837623331646337646634643031626237366264363530363265616538316661346266626166
31303830323835613739326639336261343634656132353934643361356235633632643739326462
34616666663762636462636335356138356136326362616563393834323631306637363164646530
37336330623430303661343434343830306137633662613464376365616536343639623131373431
33616231633836636464363431386231336235373837316135633735303661626362386636623165
38373430366436646533376261326430666661356566616366623261383332653234383766356636
38363631616666326230613661653936323633386237373333623165643831303932613765376536
36373963343963373737326364613038366630613161353665613236373737643437353362656564
38653131303235666235356362396630653638313766323736383639383039326633356138633733
37333436346332316565323061616632623237346438316163333339363739323139313762386132
31383566353264646339656633396365396232623765313337616132373761323639646632326363
36653032383765303465313264356633636134336636663335626162306239643235393634306666
62346262636337656136373163343037376139303661383939393066613635316163376633626335
35376665363237303861636632303133666630663536653963343665323434356636623230643633
65633130326332623231393130316430386438356139636137343131313039633531306330323433
66363931343234366639323536643261333831613363353231326237616632663835373336316232
38623833323233373331633862313132653138663630613536333164386432313132336137343065
62353962623662623564316438383531373961303737613665303163356131663963376331373866
62303066353038666265636539366230396661346363333132656661363665613336323639666238
37383865666234313266653862396663373436373636326234343832363134363032303833346365
30666638373464386630643033626538636636613837393833633366343530323439333831383962
32313863346366663130623861646263353865306564633239653366633262636362383366383664
32396331363266373136363337663365383863393836396534393539616332646463313666653161
61353436313334656463306631646633653039313738626132653763376236623036386131363864
34613364366664313462613838366162613534636363653432356639353162663361636166323161
32386631356534316337333439653662353734323561336462326430313765653337616435663565
30646461386237396664646634343832383866653462333965643661323032633363613163623034
66666437646261376132366233376633383861313436326332663938326465666362316162313135
36313333643362326563373132343835643538616632643865376630356332663065323765383534
37633732363465346265353630653835653065663638633361356661313533313737643432646539
32303937393063333136646361366434623035663964336361306230626434373936633564346232
36353866373437646464613461636637313064376532666133303038363161633365633266396130
36353935646631333436343466316663363138356139623435333564326330313833623330663864
38356361643839386335333866393738373333396230383635653465313361663133633739383036
66343833666535663361643838303162356336366538623761666561386265376330343036393735
38373365666164326164323132303131653461613235313238613465646261306334643530353736
31616531373038636436656632373163333535373565363734343730623235393234303032613930
38363939376634333931353138346639306637333430376336616331396137623234306266663436
63343638326230326335336265323834623230643435373662333832316665633736383831313739
63623037306162353234373732353462313466316434613363326664393634616166636562343563
36353561626238376433396530363663373938306337663933643762626232623030386339346239
33383563386463333938333633623933613333323164323638646662643233643637613232336637
31656634383063666531383362313766356131353465626435383939346136613566646631643038
32373864636262383763313265326132306137633264613039313666616163386461393534363936
34313231373966373334373531633365643763333636653834643233383339643339373266633333
62306264616134613461393538643634646239363231663663383738303331303464323133383861
35363535636634656433636230383261386539343463666135326433326662353335326661366166
62633338316237663530346136373536643464376233393165373336363834393431643032636238
36303230353437653262376230613865666230363137653936336466633239303738383965363538
63643265653566333032306432613532393065306133623137363037636664623962653439343561
36613066663865623533636139303635363639373663393034366338323230623232333431653133
34373363396665326337643634633839613931353736373538383532316330626464353435313263
37373861323837653665386162626438623235366466316535363331323732613833336266376331
32653132633234323464333464633932343961333366373031333338386465623537383234323831
35646464623762633064626461313832633435396164616263373133656162353563336161396633
61363637353030323239663065313834346666333063373163613439376433356232393330373866
37373539636366653036386463663339316339626439363435646638303136343235343233363233
62333530626262616437383638373731383264613130333866343835353935396137663535663130
66306336656362626134613138396563336135626565633665323334353463393862343632313130
33626632306539353163313365633137343464363562333363353632333133333662323634316237
39653863613961636530386661643434313363303362316534633132653762393365633366616333
63333137626430303332643834386432316666356232613566326234326533633633373563343962
39333332336633393332303530646364313365363832666639326365656138316135643134363737
61643266663161363437303763626636376166666666613166356561613833313563353363306132
31646362333637646665643563636337653631333439393030613833646164653036333432353762
34323332303566616638353763626466303238306437656336633061343361616365646539316537
62326534616638393339373736373838653736626336633763393636356536386632373730393766
61303633346334613963313532323066353730643061653037353130386232663133653935316630
32373766613938656162656164323734343362376434313361383165366438623138623465336239
35303764616231336361663062393732616432363132383337373531616263653034393738623238
34383366656339366438663234393635383066386433353131653564633365646166613936373036
35326233313966323233643737646336376232356562386165343763336538333763643463353066
38366639623336623838363132663064366332333163356534656330343031363661303037356665
32393665633466376266646230306632303037653435326439363437383331653830646132636462
64613733356630323463653761366637316335316662316634646533313563653262346666303134
38636665316564323763393832653863643434616662636361316233636432666237326364346537
37656465386431316338343536376633626236316231633834663039653665303263336462386137
37343436306231643339613234333734613531633039623661316163343335306265656635363130
30313533663238313030616661306638313965313930373961346231646130613833656664333930
32303034643535646230663766663734366466343737363032346337343635623764393930616435
34356531333637353363363464316130663431633964393331356136393465333263663462323838
33396363396537353166666337356362633138613532646337626566373131343532343434323337
66633761353733363963393563613435323563613264303666663933316331316431336564623738
66326634626130623230386632653535626362303336356265356365613366623762386236653635
39633536623938646163383662366463353566653866353134303766643033666465663965396635
38316635623730633762396432616639366536666433353164376436343664343163333261393562
30373563613861383435633539323463616632313333653461326465356461393231373662663566
33363463316637643031386430386665653831636663626663396237346331643433656366373264
63633530313234313338323065316130626462373833346431326565383864633862393736636262
32323038653161393538333734343034356433383333303232623339613666373430663364313966
38643332633262343037303536616538313564613038353362313037653264623736336534663830
61356235373266623230323231363131633765633035353232653961653766393161363966343133
37393066653330623236363064373365386565613130313665306639343563393461386137663362
32663135663239636336366636646465636635636534656232363464336365393966643262653462
64313766643863306163383632356331373534623565643165353366376262626131333237663331
35376136633462316531643364643937336131363831373264666235643339316362616163333261
35383039306133626434323635633733353465373036663732306332616438356363356165663366
61323565626634303137383262626161623466616435613636336335613634383132383864306538
63336163363933653035656332616161336665633439666433366632373738636161343433373664
37633939643536336165346135653433373632333964373335396435613635383463643364643063
64613538373338656164373532653766333631343236313265303431336531633133633362393563
63653834346236333137643335336163616535356366633161383765653736643331306535366132
34643739633864366262636236303063626136663637653364313231306662336630646534613435
33393536333531623330393961653030313861666662646534626233323731393362333766306263
33333735373938333565386134353565316235343033326663653065313765316438336131323665
31346361363135333430343237376135333166663437346232663133333066636465626131363038
64306164666130653136353033636434386366376635623832646631373237313466386436663930
63643036323038376632613864323230643333323364663933326237636532636530646565336666
33303230323065353238663165616332623138643863333164363838356465323531636339353532
32643532356637303834376332363362393734306232353063363439363263323665353561656631
65336536616633353063666336393263623361333835363631643532613565303033626662623965
30323563633633356631376438383930666334306339633833643664353535313334663733366134
39656230643231633332643362313666316364653839336563336635333434396232333564626636
36373862636638396239366331636232366463333435326634656239363264353361626137336334
34333238323936356132646563353439323832626361613332363131623665306166663763623061
35333361333362346433633038333664313331623861393265313832646465383032373538303833
32373138386362653634366539393161306163336662636665373230666436373861383362643762
39613930313864303538373063363431356537323633623730623333376634643233633236323234
62653833343639383261313034616562626637393864343237653437646237636536656232653264
66656532306132316133316434376161656130663836613934656132353161396462626432623861
64653730376136636161623730633736386163316534333465643765613334343463333039383235
32613834376537333062346634336365326465626332336132636236363539613336363166656330
65663163626638336533346636323231366166653063393664643161363163313335323031353134
32643632336438643535386566386530656230363864623665633863623531613937393339326537
63393033346666366432396331313630303731656231313362343062613261633434313731656365
36623131346461333466643563376533663733613333323561613432646461383561666330323235
38343630393830326263306238336633643336323431663561616463313066346532626133616265
64373262396464616637393337386666323561636232326161333939333836353537643631393239
30313134316439376361313765346134323262323932633939343061306134366532626334386237
31616533386435373931656164323238393565386361646630396635363338633764353235396639
38346363626638636638323461383030366261373165303634343533646138343231626539353733
63373635386664303361353864643766343464663962393834633666616165333737353735313465
62363762363333653735643330656239656633343634363364373739376162636433646139353630
63396437343734666661306135613232383761323636343837623863386432663962366432386432
65663937386533623862623766653063346136356363633733356239316535383730363633643537
62353836306666303434303032663934366163663436303130353435353762323030653039383433
39333134663964373365306139323636333731653966303132356263626561343865313631343131
32653338663239326439363734303333653762313531653731323265353838366165343461346637
63316163353934353932633838623063613361666236643535363461316461343262626431663535
64656533633435373166366632666164383731613564396361633439393531353439633136343931
35356337643038626239636438366133313137346564363966333832626338353465353935663034
37366635303166393135393063656664663662666439616365326436353038623738393062666230
63323665303533303663306166353132643364663366653664313065356430633530623238306137
30313466653731303836616165613765323262663262316635306339353930643136316637313466
30383133336239643537336164636333376134613732383635333963346139306137636531353831
35393032393562303230396663633336313065663030303531373031386534326466383834633931
37383236303366653265343239303032326636653730633530333061633632353433386536326632
30656266373464613435626231636331313639633866643937346237393137653533313965626639
63613934356439393536376563623532316432393830396661353237663634643832396461643564
65353232643561356536313337373631346262333764373337643838363864366137366366633964
3161
