$ANSIBLE_VAULT;1.1;AES256
64656331616130366130656561313530636238346136373165383664653461363635373065623835
3263366536323435386666383964663434616537666166660a323135333635383562356530363839
30613332626334313265336362656230376533656634373136363066383465316263616565323136
3039323761636536650a623230343461303533313530313331656638643235633264303536623064
32373837656566663462616537353566613738323230366432613361363233366462386232356564
33646563303232326364346663636536336261356534373837323461333034383432306335363934
33343930663234616561626564333634366464363031643036666666353264353533333231353763
39643938306339326536613563326166666561316564376534373862623063656632643333333166
62633166376133613265376436333735633937663437306264323764366639363634376136306265
61646664356462333534623534353163636633333035326639353738633266376663303764343262
32396364656662626531623133366166383830323864373362336237326637333438346562396436
31323161333537343361663834393730663636646134626336376130323065373638346635633736
39333037376264373237646535306262636664626535613134353830343566656235353837313066
31343838656461316464393662613061326439616162663235633433343737653063633730316130
36306533343663303762326335623135343963643638326633623361393630383061303264623363
30636238646264393833616432336535653535383734656334306535346233343837353437393265
30643862626639663634636239656434383039653731643062613031656633366363396362393137
31333233376262613332373436663133326330666163623234353231306538316631386330336461
39663135636634656130326435353838346535333436613863666564316338313733643932616636
36333139613035636433343564613263613763383964636130313461383436323063656332636333
32326564313236626662646433323130613365346665656232353232613434386635316134376434
62306136623462373961366664363066663337343839393865313137353961613162366633346138
62393134353736623934396634363061303437313533333832643830643164303030373538643339
37613630646535343866643566616432626562646231343962326665623338386433633432363935
39363037663034356634313164363030386633323631373464346231306639653565303962353930
66343131356461323330386137636235623463313133323130646332373730613666376631663135
34616331386566663233613536616432613839313937366264663764313962653537386635626235
38326339306261356335333035386563316666663463653639666131623065616365646538333435
63393932653564346637346239376464626639356139366162356566653935396233616236373138
62336264346665336136376433326465393866386631663831376136636262363066323166346433
66363634616633336362363835326561316562343930633339353437303363303662353737633133
66393361613933363833356335326561633266396565306433343335663563313666333132373336
61643930353032303464323438376666636165333535626361306339326262336137303132663435
34613830313533616339366335396234643730653661643166376237623234306663623464323133
33363939313632383139323633636666323131383064306162386532663834646663656364653839
62656537393663373836396536663962666133303665623262373134623039323631623432326134
63646133613331626266323666383936633632633539376335313339663833336162343636343032
34643232643139663038666532373333366466383832613162643363626666363933366662613237
32386533666561386230633265633732616434346362623932333639383363353430613437393965
62366566636139633938383365613134373132643566316332633466333938613733626435336263
31353762373931316162306432363731313137383661383437653233366231383364613233333134
33373131626339626662316535396334623337663832366236636562633663333737363764653966
65636535323739633436303532363935383662346135643931373331653838653732623164663134
34633164613961393038386163383333306436326665386431313161316233303664613332363538
65623237326563323635653261336466656432313933326134386634373331636563353132623165
64306238653164343962303639393661306664323839656463343239626164643966366436383864
31353330643633333132626339396638346234396565326133303536316335643832393439363666
30616230656137353930303964333937383162383231633564336136646138383339393233323537
34303465666462313564613663633064663761373465346130316532373162623866643335353366
64666534303463376261346332333666646435326266303233383161616265623933653665633130
30373062646265356432636133613637333635373562386363633762623466653563363066646636
35303964636135323131623562633236613838313136623531656134626438356664393564306561
37363561613434343133626234633930343632336465353864623534646237646338356635313036
65323638396166396430393339323561666232353861616133393163373333636363613934303138
36613530396232376236353866633964666663666435383138356664346630663330663035623737
31656564643363323966396663626262386637333164643533653831373631613365323539363161
33336261363334393734623630303864383239343832326231356630323737376532326638373266
37666561633261366337346537313662346138666535356338616336393635383738316566313861
37366332363836653965346434333035643264303264333436393564336563393937356164633439
33653966363539353063313363333239313330323166313766313662343262343035633539656336
61386538613339643733313138393138373638323739313863616362306366353636333734613664
33313261643532333562636233633161656564303063363033366166643935343766396631326637
39313836323165653861626538326363653862343163666236316361323933613136366436616330
63383463326463656265343662636464396537356636393265396436623430653734363862616564
63396137363431646266373163386137633031663061346133336537303637343039633666373336
65623634636663376562393633373865333835313562326162393861323265666337346666363330
65666563646261653363386235623031633732616664306362353930336664626235663639633531
36616364646434626566356635623338373939333637363331373563336666326234366134623230
65663835653461613133613562363038613632323633333662313238303963356663663731643334
61366435303865333162663739393666633661343064313430303835346437363965346466333461
38373565323165323432623463363234386136316565626363393535393639663463663562653435
30613433363932613239316533383665643737313633326362663164336331626138383865326130
38353837386434306564623639356665323266313639386637653066636636633530303661666564
62643539646332663633646430303233326135383266363561353664623331373862373931383739
39333732643761386562336461323633643166666633343663376335333263383334336436393934
39316135326661646633316438626339333962646536336464363338343338633430396666323063
39633033666338626336643034386336316263376466353934316265663464636531353037623965
36623532663231323763323033376638303631316435316336313134316336636363306461363161
65333161653532386363666336343232323136303064643339653837343735633639353064613564
38386662306263383565303937663662636466643832623861666531633162303433663439396334
65313938643231343233643930386634626236666562383961643834646236373830393363643765
31663335326664653663303838343631663935623634636661643565613764306334343065356664
39373130363135393238323233623264333934666334373931303461616331653861373032633461
37633539663662306334373537636663373833383838336238366634343332613033633466656532
32363366663963663135393135356261336230623763303834323138643331323063366165383738
36373364396166383636656134373530616631643034366537646431613866383030623463333435
39613639386362373736666634316465373464636365613436323664316134663265633066633839
38623230636631353639
